     0          0.00252612
     1          0.01410338
     2          0.04376717
     3          0.08815562
     4          0.13293513
     5          0.16066253
     6          0.16069091
     7          0.13857396
     8          0.10382955
     9          0.06941943
    10          0.04159111
    11          0.02335006
    12          0.01150158
    13          0.00528877
    14          0.00231798
    15          0.00081366
    16          0.00033114
    17          0.00010092
    18          0.00003469
    19          0.00000631
