     0          0.00000631
     1          0.00001924
     2          0.00025127
     3          0.00295253
     4          0.02635537
     5          0.12934809
     6          0.28495201
     7          0.28617840
     8          0.16494474
     9          0.07017870
    10          0.02453593
    11          0.00745953
    12          0.00206910
    13          0.00055461
    14          0.00014682
    15          0.00003753
    16          0.00000798
    17          0.00000163
    18          0.00000020
    19          0.00000002
