     1          0.13618330
     2          0.18562508
     3          0.15660717
     4          0.11079223
     5          0.08056011
     6          0.05796014
     7          0.04321938
     8          0.03272045
     9          0.02640028
    10          0.02081809
    11          0.01702409
    12          0.01470291
    13          0.01216728
    14          0.01058723
    15          0.00918380
    16          0.00778352
    17          0.00709915
    18          0.00572726
    19          0.00526681
    20          0.00468967
    21          0.00405891
    22          0.00350385
    23          0.00326416
    24          0.00292671
    25          0.00269648
    26          0.00236533
    27          0.00223918
    28          0.00214457
    29          0.00210672
    30          0.00196480
    31          0.00172827
    32          0.00168412
    33          0.00140028
    34          0.00130882
    35          0.00125520
    36          0.00112590
    37          0.00099659
    38          0.00103759
    39          0.00093036
    40          0.00075691
    41          0.00076006
    42          0.00076321
    43          0.00085152
    44          0.00065283
    45          0.00059922
    46          0.00052668
    47          0.00059922
    48          0.00051722
    49          0.00037215
    50          0.00041630
    51          0.00040999
    52          0.00038161
    53          0.00045099
    54          0.00034376
    55          0.00036899
    56          0.00029015
    57          0.00029961
    58          0.00030907
    59          0.00026176
    60          0.00021446
    61          0.00021446
    62          0.00034061
    63          0.00022707
    64          0.00021761
    65          0.00020184
    66          0.00018292
    67          0.00026176
    68          0.00014192
    69          0.00016400
    70          0.00014507
    71          0.00012930
    72          0.00015138
    73          0.00012615
    74          0.00011669
    75          0.00010092
    76          0.00011669
    77          0.00005677
    78          0.00009777
    79          0.00009777
    80          0.00010407
    81          0.00007884
    82          0.00007569
    83          0.00011354
    84          0.00007254
    85          0.00006938
    86          0.00004415
    87          0.00008200
    88          0.00005046
    89          0.00007884
    90          0.00005677
    91          0.00005046
    92          0.00002523
    93          0.00003785
    94          0.00003785
    95          0.00005046
    96          0.00003469
    97          0.00004415
    98          0.00003785
    99          0.00003154
   100          0.00003154
   101          0.00017030
   102          0.00004415
   103          0.00006623
   104          0.00004415
   105          0.00006308
   106          0.00003154
   107          0.00002838
   108          0.00002523
   109          0.00003469
   110          0.00001577
   111          0.00004415
   112          0.00002208
   113          0.00010092
   114          0.00006308
   115          0.00003785
   116          0.00005046
   117          0.00001892
   118          0.00003154
   119          0.00003469
   120          0.00002523
   121          0.00002208
   122          0.00002523
   123          0.00002208
   124          0.00001577
   125          0.00001892
   126          0.00001892
   127          0.00001577
   128          0.00001892
   129          0.00002838
   130          0.00002523
   131          0.00001262
   132          0.00002523
   133          0.00001262
   134          0.00001577
   135          0.00000946
   136          0.00001892
   137          0.00001577
   138          0.00001262
   139          0.00000946
   140          0.00001577
   141          0.00000631
   142          0.00000946
   143          0.00000631
   144          0.00000946
   145          0.00001892
   146          0.00001262
   147          0.00001262
   148          0.00000946
   149          0.00000946
   150          0.00001262
   151          0.00000946
   152          0.00000946
   153          0.00001577
   155          0.00001262
   156          0.00001577
   157          0.00000946
   158          0.00000315
   159          0.00000315
   160          0.00001577
   161          0.00000946
   162          0.00000631
   163          0.00000946
   164          0.00000946
   165          0.00000315
   168          0.00000631
   170          0.00000631
   172          0.00000946
   174          0.00000631
   175          0.00000315
   176          0.00000315
   177          0.00000315
   178          0.00000315
   179          0.00000631
   180          0.00000315
   181          0.00000315
   182          0.00000631
   183          0.00000315
   184          0.00000315
   188          0.00000315
   190          0.00000315
   191          0.00000315
   195          0.00000315
   200          0.00000315
   201          0.00000946
   207          0.00000315
   208          0.00000315
   215          0.00000946
   218          0.00000631
   219          0.00000315
   221          0.00000315
   225          0.00000315
   227          0.00000315
   230          0.00000315
   244          0.00000315
   264          0.00000315
   269          0.00000315
   290          0.00000315
   296          0.00000315
   343          0.00000315
