     0          0.00258919
     1          0.01539325
     2          0.04560263
     3          0.08893458
     4          0.13414930
     5          0.16090221
     6          0.15983626
     7          0.13685203
     8          0.10362140
     9          0.06835663
    10          0.04102029
    11          0.02262471
    12          0.01136912
    13          0.00509009
    14          0.00220760
    15          0.00090196
    16          0.00035637
    17          0.00014822
    18          0.00003469
    19          0.00000631
    20          0.00000000
    21          0.00000315
